052 LITTERAE QUADRIMESTRES

10. En 61 60116010 06 0110110 00600 110510 00010 001 011-
1115110 61 Re Gaspar Ᾰ10016Ζ. Εο 6516 1161000 no 6510000
60 61 60116010 06 60611110 5100 105 1116010005 y 0100005 0ον1-
6105, 116100 010)7 00605 por 10005. Ρο165610 11160 01 Ρο016
006 105 1161100005 65100100165 0010016106016 110605 06 510-
1110005 y 06 60116605 56 00550560 0010 61 collegio (16 61100
001 10 misma 60050 006 105 001160165. Yuan 10600 60 61
011061010 0 600161 y cenat· 0 61 6016010 (16 0110110, y 0650005
06 6600 611 61 1161000 061 reposo 56 10100000 0 61 06 61010;
061-0 0650005 00165610 106101· 006 56 101005560 10600 cn
06011000056 10 116100 06 10 10106. En 6516 1161000 56 010 610-
10106016 0000 0666550110 11610 0010 10 50100 06 105 1161010-
005 1606156 61 6016010 06 061100. Ρ1·0005056 6510 01 1657 y 0
10 165700, y 6010110000056 06105 10001605, 60 special 06 uno
06 105 006 6010000 105 1161100005 006 5100665 0110 6510000,
(161 51110 061 6016010 06 0110110, y de 0000 11010 11610 0010
10 50100 06 105 1161100005, 16 00165610 11160 00110 0 10 Com-
pafn'a para 51610016, 000006 10 16010 00165 00051 0000 0 105 ’
Ρο0165 06 10 horden 06 X.0; y aqui 60 6516 06 61100 0016566
006 56 6011116010 10 006 001616 06 60110601 001010 0111101100
06105 1161100005, 001 60050 061 5010001116 51110 006 11606.
Agora 06506 0101116 10 101100 06 105 1161100005 00500 ³ ya
60 61 6016010 06 061010 600 10 horden que 01Χ6; y 10 101100
60 61 06 0110110. Ε5 6050 116101050 0010 061 vna orden 100 =
larga 06 1161100005 006 van 0 65100101. 5010106016 061 6 -
16010 06 061010 10005 0050100 06 0001601ος 10005 001· 01·-
060, 56000 61 60510101116 06 Rroma3 006 105 11105 06006005 .
van 0610016, y 105 01105 10010165 01105. Reside 61 166101
60 61 6016010 06 061010, yendo muy 00160000 0 0151101 0 61
06 11οΧ0. Α116006 06 1000 10 006 60010, 00000 51610016 (105
110105 06 160050 01 600161; y 0 vnos 00110000 10101106016
061 510010, 0 01105 56 10000000 006 00 1112165611 1005 006 oyr ’·
105 11110065; 06 1000610 006 600 ayuda del Sefior muy 00605
000165616100 60 601000106100 061 1160100 100 161111116 006 ⁴

 

 

a pozan ms.

