 

  

‘³52 *Nm mx ’Ἣ fx} 111111 ιῖῐῖ

NJ)

1111105110 10011010 11 (1050110501 0005100 011 511 101110, 00051510
11111)Υ 010111111101110 50 5110111 110 11111 5110010 y 11100110011111101111
1)111110 11110 011 0510 1105110110 1111111) 1111111110 111110, (1111· 01 1οη
010001111101· 11111105 &flu-isto 51λ 11) 110111 0111111110 0011 5111105010,
110 0100 50 1111 501110 0111111 110 0510 colleg-io, y 1101111110 “ 50
ssya 501110, 110 0100 1111111 1100111111 11 11111005 110 Υ, Ι). 001 05-
1111111115· 0011111105 105 0110111105; y 1101111110 1100111 10 0511111
1111110 00010 51001010, 111151 001· 11001 0100501010 111115 010110,
001110 001· 0111110111· 111 1011111. 11110 0111111111 1111011111050510 110
11011110 11 11011110 1110505, 010 110 0111111111110 5010011· 05111 011111
(1111 011011111 11 V. 1). 110 1115 005115 (10 0510 molegio, 11011110 05-
11111105 111 01050010 1105 1)1111105 ς( 01011110 110101111105.

2. Las 005115 5011111111105, 001· 111 1101111011 (10 01105110 50-
1101, 111111 011 11100110 augmento, 0101111 111 11111101· 1101, 0111101-
011111101110 011 111 011501111100111 110 1115 0005111111101105 y reglas
110 1111051111 1115111010; y 0510 50 exercita 111115 (1110 11110011, 0111-
1100 51001010 11 11111110 00005; y 00010 11)*11101115 005115 00 11110
50 00000111, 01 0000 1111111010 00 5011111 01 00110150101101111κο1
1110 011-110100101110 001110 11010111, 51011110 111 mai& y 111151 10 011-
105010 111 13111110 100101· ¹ 50000110115500 105 1311111015 00 105 ofi-
0105 spirituales 110 1111051111 0101011000 y 111151 01 1)11111·0 100-
101· 101110 01 1155001010 110 0101110111· 111 (1001111111 0111151111011 105
1100110005 y 11051115 00 111 111111ος y 1111 1101011100 1111105 11110 50
0100000550 01 5010100, 0110011115 111 gente 5011511101111111, 01150-
0111111 111 1100111011 christiana 11 105 0105011105. ’1310510111010 111-
gunos (11115,011105 (11111105 0100 50 111κο gran 1111010 011 1115
almas (10 105 01οΧ111105; 0010 (10501105 510110011050 0100111100,
10 110110 001· 1111201Ιο 111110110 001101ῑί0 11 511 51111111; y 00111110
instabam algunos 01105 00000105 11110011110105 011111 01 aug-
010010 5011110111 y 1001001111 110 05111 011511, 00550 110 105 501·-
1110005.

3. En 0510 01151110, 0110 Ρ111110 0101110111111 011 111 0111001,

(1011110 50 11112111 11100110 110010; y no solamente 105 010505,

 

³ y que ms,

² P. Ferdinandus Alvarez del Aguiffi, alias Hernandalvarez.

      
   
   
  
   
   
   
  
   
   
 
  
   
 
 
   
     

