156.-Cox1MssR1cA EXEUNTE APRILI 1558 615>

60 105 010005, 60100 0 105 01105, y solamente 000060 10 A
parte 061 010100, y 01151 01651110 11100110 611 0110 que 105 6Χο-
016065 y conclusiones para 65105 010005 56 160000 06 aqui
00610016 60 0065110 60116010, 10 (1116 065600 01116110 105 5111-
01011165; y ansi 001666 (106 56 11010, 0110006 10 00106151000
0105 (10151610 (106 60 105 5611116105 01ογ0165, 60100 dantes.

6. En ambos 105 601160105 ay tantas 600165510065 (106
600 11011010 56 501151026, 61 qual por 10 0011000 061 56001·
00 65 510 0106110 110610; y 600 10 0115010 56 06611000 611 yr 0
600165501 0 6016111105, 606016610005, y 60 01105 011105 06
01165110 instituto. Y 001 10 (1110165010 506610111161116 11110 mu-
61105 600165510065, 00161116 010 0011006100 061 1160100 16-
6165610 6111111010 10111160 06105 (10016010 0105ς 0105 001· 10
010610 (161 56001 (100010 mayor 11011010, 10010 a 0105110610
56 51006; y por toda 10 (1110165100 11110 105 000110005 006111-
005, y 105 1010160165 016016061όο 0 105 5100100165, 600 105
(1061111105 que 105 0161065 06 1000 61 000 haze 6000 01065110
0 505 discipulos, (1116 60100665, 001 105 6116110510116105 061
1160100, 60 (1116 0065110 56001 11105 0011160101106016 100606
’105 011005 0 06006100, 56 hizo 10116110 1111610.

7. Ε11 61 10151110 1160100 106100 10061105 06 105 5100100165
· 1116010005 6000 00101000 0 01601601 y 11οῑ61 006111005 60
10061105 1111105 06516 0111500110, y 001 10 gracia 061 56001 600
10116110 1111610. Α1001105 56 0660000οη 611 (16511οῑ61 00105, y
11101 06 01105 06660005 0111111605, y todo 165 610 10611, 065-
01105 061 10001 010100, 001 61 0100 16506610 (106 116060 0 105
00651105. Vno 061105 6005010 y 001100 60 61 56001· 0 una
muger que auia 065650610οο 06 511 5011106100, y por 6510
60050 no yua 0 105 01116105 01111005 01 11οΖῐο 01105 013105.
Ρ1000 0 0065110 56001 0100111101Ιο y obrar por 00651105
1161010005 01105 10061105 60505 06 010006 010110 suya y 601-
0606100 06 105 0011005. Εο111600000056 01116110 06 105 11110-
1060105 y 01105 016105, 1601611600161100 0005 0 01105; y mu-
chos deseubrian sus 600561606105 0111060000 10 (106 165 60-

 

a 10010 ms.

